37.0155631417538	4.13461544919854	4.28548858940913	5.28108978251831	-0.860627305015762	-3.83027748609599	-6.60567380679031	2.84217898323058	0.221212980023247	7.02974943134441	3.35556988897069	2.30366684884031	12.8514176126895	-10.4102827089507	-0.437741798162493	1.4242829516406	-5.00744810421616	-2.46338175064842	-1.00917165409258	1.4955695372928	4.26286880305313	14.9234608864996	2.69572908712576	4.396901628907	6.91192893625048	-5.99490266688519	1.6020781947867	5.35525696152095	0.689758208997954	-2.35883861894936	3.74970000313149	2.05711575149468	5.00110956288133	0.397621979914403	6.91568794800112	3.80729560912914	-1.19443936076439	4.62489380959309	3.9105247916299	-5.57897688047189	-3.74238165424113	5.78921412612273	-4.76010222910361	0.603767417860032	0.0284890400910444	-8.60325550636904	5.56663440942182	2.51175418489454	-4.88703490169186	-0.996495135121504	6.43869914735679	-0.367221237502964	-5.97959584894328	6.624638031925	-1.9151315294674	10.3338392322036	1.62219718332954	4.52683187733711	6.55924430788496	-13.3691163951104	-1.01537750794745	-12.6591731817209	-5.50158322871325	1.49187114725735	-9.74702446827039	5.15537779450014	2.14973455416539	-2.70359157646992	-6.06313466320105	4.97198457283842	-6.47421162811957	2.97267533039869	-1.5835738008822	2.47518425909981	3.41361037760586	-13.5578137299922	1.34686650280618	3.74997956382141	20.9385671578566	-0.415147372421542	-6.45666547472601	-9.15878834933677	-10.0084240872857	-0.628928821639779	-8.12265781599833	0.899767837879607	-17.1549308305547	-4.35591395473522	-0.193182033370458	6.19924086213279	12.1729876517828	7.9500851296085	8.961078316035	7.7139516342647	10.0740899631654	-1.46729449205713	-0.739488370994765	-1.05496132905662	4.81432560558931	2.29884273269269	10.6333790703965	3.0779418786322	-10.731737886918	-1.77369672214711	0.924366417806255	16.6570030239885	4.35234376034368	9.94418437104585	2.88382380346704	-1.88167482087171	-5.63448759325372	-3.19011218477897	8.73185193018759	4.18399408206918	1.68080905324655	-8.13199581021481	-2.3033328763873	-2.22264335542712	-3.77679895879404	-6.71370183018697
4.13461544919854	13.7512268711114	2.49057116391593	-3.06785555673004	0.991248123570677	-5.58993130182869	-6.51862191827668	-1.87603854577004	-2.59660403225556	2.38815010420056	3.1320071815173	-1.91139527681482	-1.66975813256168	0.265771859323029	1.49456039941629	1.51700885916824	4.53242644867724	-4.99897443491228	-1.74530392982731	-1.7814318166804	-0.0403547503808517	2.98426358941468	2.02473898269503	3.44969328164407	1.5072401609625	-2.55467912165772	-7.26436873747533	1.62554358920757	-2.5989364749705	-3.72092239499168	-0.271325444447762	4.10720153343931	3.52347253230023	-0.106682064480378	0.798516778404726	-1.16681347359344	-9.74396022106901	4.86748837236313	4.70933939079977	7.30231945456422	-2.43718954199926	4.49672204606603	-10.8383085605777	7.07984545126876	1.66639016778663	-0.346696106058968	-3.13414656579991	4.68284761281732	-3.86153704752288	-5.48589944730811	2.47546612779853	2.03774202182599	0.139364040191797	2.50733199532546	-3.61302228552148	11.5914216700208	3.10184126783759	4.72039808822316	-1.21059891599569	-1.03439199002223	8.50690675338675	2.57770710309828	-2.41674838514593	2.30548925907389	0.0401681860994775	-1.97911909362163	2.21684457737169	-1.33383692447266	1.43362250415016	-3.68205765092136	-1.05494741634477	-3.77491738902684	-2.26325695521205	5.09164168854922	-0.306386756815816	-0.445205879474349	-1.88007051963586	4.13094641970305	-1.87264253506599	4.39757825131627	0.409131305233422	-3.28242117537163	2.78716083347937	-3.26954356395902	-4.87451266300826	5.96794694320005	-4.00469725779318	2.15532481168343	0.874510719066352	-6.40793811912623	4.11353191328552	1.84386768649699	-4.07693922580684	8.99042531119815	1.98456321057244	6.12318475820399	-1.0439693730411	-2.0878869828687	3.09356519804764	3.81537435462832	0.277516690366772	-3.48269035627985	-5.43430292877786	6.88977511470793	0.291331318649941	4.68163432303681	5.92506117509953	1.09004337519517	-0.180877938235897	-8.76314745700075	-6.4076311400256	-6.40886351972486	0.467553196143554	-1.67293442022451	4.02928032305379	-2.09290151876294	-1.5000372213836	-1.10635293725604	-0.553560157571573	6.05747809630476
4.28548858940913	2.49057116391593	29.7695813843053	-5.57729325678016	4.19504952623487	-1.06461995885834	-9.04738256326855	1.25501602220571	2.92598932944621	-7.99887634299541	-2.35961639195354	-0.821484500018149	0.458119441753977	-1.33663249229441	2.58362973434933	-0.567703397902414	-1.88476663767794	-3.89029364955408	-3.40696547940081	-2.35752916246564	2.15879362111438	3.16573460104689	-8.42335420319283	0.70207150117158	4.35903181000257	-6.69010285983566	3.80075557260365	7.43297206396272	0.946375494231433	1.72985016122972	-9.43690977362758	9.04881774584577	3.03634241016322	1.7036178901757	7.49725395243074	12.5046763482579	-11.3867297059226	0.17765846946529	2.85338031425401	-4.60961828035597	0.715930698487089	5.36566089110714	-7.66164048781103	1.06415720949201	-1.0412992550243	-1.25207311404329	6.13169939633292	-9.50530938466906	5.9686098900236	6.33742863509434	7.64395714318821	-1.63904905121765	-3.18464425002072	-1.98141284076827	1.93730421316047	3.82045308584701	-5.15209926109633	2.84895679460105	8.17100813760974	-9.61847025479129	4.95887482278694	6.20848450567473	-4.52513931950011	1.13325029753546	-1.64119638588907	0.187720283198605	-4.88556523093458	-5.09205153514822	-4.41469369144526	-0.0482475315089376	-2.33255934840572	-5.53757092433047	10.3157982761193	-4.63941833674199	-4.88219110890368	3.59372251608665	-1.4702330396754	6.84149432790029	-9.47436089891428	8.46278327957087	-5.36406250860746	-3.32726434002712	-2.28490655934785	-7.58394510884913	5.14774226631562	5.52557180567336	-8.37985508822113	-2.01474447298064	-0.292617381072112	-0.614509999590145	2.3048474863341	8.12181813802022	6.63112682757834	-1.76476460367595	5.44686105534485	-1.16145047106706	-5.15088342136512	-3.49765158382171	-3.15974962197466	1.27649903944577	-3.46963580956208	3.21730549388487	-2.168370110702	2.09582544723364	-3.35110649627254	1.7897670440715	-5.55693354395003	-5.63529170036933	16.7222566129819	-7.69340283512425	-7.30193196061917	10.7089760038698	4.6194934377318	0.635790546103807	4.2859676360557	-10.5902049173745	11.453844776458	4.88177977764884	7.84890336949149	-0.27751548637869
5.28108978251831	-3.06785555673004	-5.57729325678016	29.7603787774304	-0.989894377395404	-2.6065440680209	2.00612309099567	2.11708496367141	4.4746719131926	-0.0630692031280055	-2.52201526403822	0.175689051250212	-1.10897487299644	-2.922072596573	0.634508877111855	-5.59147354034858	-5.16103648614869	1.45915642821535	1.84819660063759	-2.57076697702163	3.55584287771608	1.12511485242951	5.45426153956305	-9.23754920814931	-2.12983432636567	3.52787964448805	-3.07426924083179	-6.30412555941777	6.12545239187106	-2.52506594030234	-0.285317906020418	-3.023965946649	4.91471193775191	-7.19742086481846	-0.649225379587807	0.295990430419225	-3.13212738852217	-1.0094569325476	2.78760042549389	-8.81567590906137	-2.74177536378643	-0.868019894729422	1.76631719704264	2.82944128046645	2.22164047050539	-1.50247202260869	-3.8544227023477	-1.68523840616465	-8.38425098005043	-9.49808568820187	7.35877508633137	0.804076242448342	-1.77544762351414	-7.04877569348193	-0.605207589843138	-1.30931996270534	-3.54525638487492	5.06795179954061	1.73135217478755	-10.037723102987	-2.53528983100462	-11.3495710410164	6.60206966491298	-1.63497132137866	-0.960377269774773	-0.709887189602782	-3.17224693392322	-2.05499397503224	-5.32030617800394	1.35188727345916	-8.44584501606901	-3.16218803987334	-2.08254297580808	3.70356726028927	7.21695585309506	2.66033546944983	1.4134803292982	2.93251529819833	10.1405159525309	-6.58595413679231	6.22526579155573	3.56882155135507	-3.67001020425057	-1.78123283637565	2.84980312564684	-3.48739022137684	-1.28618289934743	-5.19898646626041	0.443541606258998	3.19521779032917	5.90340220300296	7.59801387964416	5.53565759605746	5.22772680313387	-4.27160580660515	-3.47192207955008	-4.07890858910835	7.72978043683078	8.2775437166891	-2.42621410632135	-3.5726422712558	4.06414891379214	0.576408911538097	-0.542930839977361	0.961606152089325	4.52746290002367	4.24244591781936	6.01622667279192	-12.8826932038051	4.16926860700857	2.03809378628542	-4.40198121458959	4.35092226567521	0.136497731554618	3.09981160909856	1.51646809489996	-3.73890613670589	15.7444816115975	3.00470086371211	-7.28350251570313
-0.860627305015762	0.991248123570677	4.19504952623487	-0.989894377395404	30.1764655801401	-0.389162936429449	0.845734957973107	-5.59466507099405	0.0307448990615509	3.49116178190853	-1.18279433457922	-5.08153243385972	-3.48337875133591	-4.05514398812011	0.890357225659111	0.0256305234876242	2.90226621005565	-6.77673572793769	1.80857718056317	-0.313287734713256	0.882910769391027	0.698265711811828	-6.0504925354131	6.06890452922106	4.93001569642994	-4.99132878987052	4.57945831370123	-2.03311070619519	-4.92383902979297	-0.988755499337261	-11.3218937152505	1.74733220846289	4.43925315141996	-2.8936795423987	-9.86393630489387	0.189898811774544	-0.194671489687394	-6.97529813577907	-4.59069641858695	4.57273858470846	-1.71772925791266	3.29998251035627	-10.859914435052	-1.36170310591136	7.28572348690777	-5.97533007566959	-5.68982295737541	-4.60323316146851	-2.4606401839943	-4.23281033355869	-4.80130335637212	1.29620088959585	3.41226979483157	-0.448263540158207	-3.22555176665043	-6.13978903154263	3.53777881616135	-3.58042366140154	1.93995897954582	-1.37507990406776	6.94472319195256	6.62338988554645	-7.96360321272286	3.34829400699731	0.00905579109752205	-8.28118729356474	9.57588861773939	-7.36982192017479	-4.28547043237933	-3.31349974252148	4.40851408412373	-6.16245926306716	11.0520553939881	1.09767753315852	-0.147126583487742	-6.84101833041112	-13.7488169753899	-1.68262941550392	-3.61904765880784	1.33278005289203	3.56329903229809	-4.48331967665391	-2.41586512521631	7.14785672069409	3.04271039240884	1.83347387058956	8.85220266165907	-4.53134137175533	1.50780886374338	-1.24198969715951	-0.545012830063222	4.70997397712376	-11.787249027004	2.05471404244374	0.84422548689418	-2.21341731057293	1.18870095896835	-2.14023973077027	2.99573723467521	-0.925992654689329	1.94848465664763	-2.83156178634673	-5.55778606219461	6.5159333528133	-7.57072793399203	1.18823028087697	2.40128923955501	-4.18520144838709	-2.55923059683154	4.99359394994449	-2.16011167135666	3.67696571360375	-3.02389353880165	-2.52776866435346	-5.78314519227557	-8.3936280598306	-4.95518233416881	7.76362743906915	-4.04746882034745	10.6895769571658
-3.83027748609599	-5.58993130182869	-1.06461995885834	-2.6065440680209	-0.389162936429449	28.1626753956936	4.96111589283109	-1.48335346766811	1.69193111701184	-8.15819568232649	-4.6113361124869	3.50160103597205	9.04846062931443	1.56054964843075	0.591468091110999	0.615870479443662	-5.78030087855759	0.508894362908	-5.70123148600318	-4.4221177391655	-3.21741779813399	0.938276098912228	-3.03295646552914	3.62243477937601	4.24570343031158	4.56402123674324	2.99389465860294	8.52193506773332	-7.20712379599541	0.967412464125383	3.82876198008617	-1.79101889608035	-10.6300846156147	-0.226277338259532	5.49132414164224	2.21448786055241	18.2259092242998	-0.0702834915460449	-2.34582879443968	-2.04489703431911	4.58300534894014	-0.484324198555021	-1.27114017659172	-6.20727146589611	1.67027874556143	7.59375289328015	4.73888177601915	4.96344230203193	-1.33723876923629	-1.64563132709244	-6.04248936546763	-5.04066670925696	-2.89522848290319	-13.6979282391633	3.73610784411488	-1.53788427420989	-6.20242442839556	2.93172276059463	7.41466648869763	3.15656305478879	-6.37317016974295	3.98736180761643	-0.0994500257221244	-5.48707673106575	0.582732638985814	2.91344236521366	4.70208496635457	2.38254724333918	-9.59102878403634	6.49934804131966	-2.33960960564355	-0.183886878044575	-5.95967901662783	-3.07091858902478	-1.66270097915998	5.99570074411912	3.09773706622689	5.3899795492027	1.40298168685029	-2.87454728651909	-7.02876573976685	4.10837311095303	-2.16984976164066	0.949181000096669	-7.17415047955318	-5.74139295518816	7.98803222194896	0.0550854877398631	-3.65937809906241	-2.14238238350009	-8.04693275520227	-2.90449468402902	-5.97384389679166	-3.47072636913457	-8.33611332407713	3.48157882362172	2.75600835987661	-7.29754704410918	-11.9989733289247	-8.30780438596364	-7.65833657282599	-3.54089177475342	1.38326367669364	2.10420169630224	-6.19204361602323	-8.84515760668489	-1.77494155783822	7.053720251087	10.4764892618953	4.70719886202617	6.46378655037044	2.47377343990825	-1.23020131607427	0.534755829320657	-10.1926958734276	0.666841663827584	1.50242901421996	-2.31230454815323	-2.5663907107877	-1.22695159623645
-6.60567380679031	-6.51862191827668	-9.04738256326855	2.00612309099567	0.845734957973107	4.96111589283109	37.2269206831576	-6.48915782714092	-0.956320759086179	-1.47151750664579	7.78383371237786	-3.22107525839325	0.44021293415439	8.95634656007446	-7.20211816078869	-2.74817218352395	7.8158433572984	1.93699201562575	3.73945540304798	-1.09286337903043	-1.26536534100338	-2.34900695352901	-3.93891391980282	3.16144657861941	-8.92966616243227	10.9709348626126	16.3713166778568	-1.09696526385302	0.658667963597825	-6.53137092787668	6.17916788146015	2.41821375804874	-4.91218871235418	-5.94102447794472	-5.25651269382471	-6.61285286026185	-1.50369159838863	2.49300880029306	-4.34211488755301	-3.80559177525535	-7.38419658713433	-7.03651314551538	17.9635972235228	-2.11628544826789	12.6502905527858	-2.90122312101523	-2.27922000820146	-0.548728292236991	0.538748978224459	-2.65252690650668	-0.922783618783419	13.4516265833171	-3.9931200103155	-4.46660833047543	2.14339538265626	-12.6311854992241	2.94249526424791	-0.223396363500023	-3.41186350786514	4.25890484697579	-1.4485178410393	-2.33802596429342	0.766871591802526	-5.62245016629585	-6.30084669452724	-5.56124998203783	3.44982255786247	5.84449850878566	9.26087841910357	-4.52071109981409	4.87337166836846	17.697678738811	-5.96662340765473	-6.17115488865086	-7.82377336077324	-4.83744331886787	-7.93796575521576	-6.50575159283624	1.80578504595937	-6.00946420062064	-1.60922937460438	1.44056159444109	2.21324848295483	6.05290741274825	5.40435602364933	-0.589815154876947	-1.25225682432342	-4.75883731801724	4.00850581753819	10.4286543107773	-6.49540776383786	-5.59674974118268	8.14114973736767	-7.90983750341243	2.23873991888654	-2.97055877028515	-3.59731310901176	1.68425191233331	-3.44975344973504	-5.7713119377817	4.66132754126202	-0.967806668767512	4.88250402609012	-9.45388631502419	2.74983070594684	-10.6670663982755	-2.81421555813859	3.75923906086566	-6.07811666932381	3.64213728819187	3.19367386845531	3.36765453887206	-1.72640522528996	-3.10509369788246	-4.41372201671949	-0.136333084245513	2.69292346462708	2.71367881076981	-8.46174730721154	-6.45595585565231
2.84217898323058	-1.87603854577004	1.25501602220571	2.11708496367141	-5.59466507099405	-1.48335346766811	-6.48915782714092	19.980560156017	5.36555293654269	12.158442872664	2.78835576618813	-0.299035197780742	1.94459419975455	-10.792888614747	-1.96910683290815	1.56522246952559	-1.61772664448776	3.10534667295325	-2.9353294499868	-1.79164886141773	5.01825543561698	-3.07594811738435	1.42569135664776	-3.59565598191499	-3.07626183013221	4.13047373681196	-2.52311958688769	-0.62778349388717	-0.367635623622009	3.04454974408506	-3.22876968260072	-6.56358352587962	-2.34685507537387	8.39658085034186	-0.47971020942259	8.11514099076712	-3.68471554472302	1.34155019433612	0.784739284936353	-3.28620479258128	7.6937845155349	-3.56582564281005	-7.55552941575961	-2.86439618956721	-2.44506071114491	-3.51675954875593	5.50456261635937	-3.46819809732604	-0.493996588402643	6.43223853124279	1.29124589010055	-0.334489594125014	5.98204955687511	5.20640316413685	-7.5065023489916	0.0334384646403724	-2.58400745611141	-6.35251264243099	2.36254565014187	3.6633600336146	-9.45460781705049	-3.43114002635741	3.3181635624461	-2.04841361385271	3.12321169523577	5.09669976933575	-3.69555889184887	3.51927602433202	2.73464468971402	-2.67234098717142	-6.65172187118626	-0.217363026851098	-2.71591645346051	5.16758854139269	4.95508116875708	-3.74651610239711	3.03404734274566	-1.64506948937814	4.78465056035069	3.35987705428073	-5.20517346673188	-3.01244511399324	-4.8550906324385	-5.92497372137505	3.59230517476918	-1.15604518768242	-4.48619864496535	-2.56344364125328	-4.52792653701425	-9.41270687991575	0.627411399929598	1.77663211461843	3.87583328798245	2.79720319166194	0.888406305563438	-3.2303779532533	-2.12733033946258	3.55243507563708	4.89761278853866	-0.0597865695228378	-2.0997771080287	2.64961313964403	-3.34442911977117	-1.13886982096153	0.139700935621167	-0.621697463172025	-8.58288955774347	1.9262995194548	-5.53359611261078	2.87815866111631	0.0211978025341012	-1.96497236429495	-2.54756036118542	0.0353380085447367	-2.74418595960947	4.55538028420381	-0.358958710657942	-3.29116001512111	4.76657736835941	-0.216881147519958
0.221212980023247	-2.59660403225556	2.92598932944621	4.4746719131926	0.0307448990615509	1.69193111701184	-0.956320759086179	5.36555293654269	30.861402341026	-5.23243911527577	-1.69540145466845	1.5638499623541	2.63150889652117	3.4747833212364	5.55574710380863	2.08181494394114	-11.7749357344952	-6.04828229857626	-2.18820565129624	-1.70270844270171	-6.62104193531342	-3.47509222732665	-4.92714903160113	-12.8616636550805	1.57257707233281	7.26477561687565	-3.34486270380657	-1.4578762346274	-2.55626340728107	-2.92508724917616	4.71415429567008	-2.77366692255302	0.461842348164875	7.69587605673659	0.561802194473909	9.25532105904782	2.33856577716552	-1.20048778821311	-1.82973033642941	-11.4915757305461	1.74434468975079	4.24386110283245	-12.7257641244191	-4.10650201845059	3.3477679892862	-1.44652205993187	-5.4045724306052	-1.55024590496856	-2.59248636086526	9.91186674566437	-1.68117919113294	-9.36397899357035	-4.34320880397114	-3.07068825716715	-6.82253275507664	4.49956688527509	10.4432642566624	-7.11489388349657	0.229810635149659	0.73387996113407	-6.63426669033424	7.92564910729738	-7.92558089971686	0.0464989723561566	8.78572139766803	3.63390537682034	-8.053905432468	-5.29476442650287	1.76389889391326	-1.7284832179351	5.89272715615476	3.50069646460255	-8.46681893925156	-0.293174772867147	1.36980373031426	-0.310276528284388	-4.11332097254063	2.88974517128079	4.07483072617971	6.40874704730023	-3.44417952936041	-1.31608863759583	4.06459578561584	-10.4700337468813	11.9007188204227	2.27805809695829	-4.99240295340384	-3.99284751899384	-5.28183733683486	-7.48027041699233	-0.763179583087913	10.3830442130081	1.72119690641021	11.7661726281089	3.38047447313006	-3.30424670979022	3.01250272169912	3.67624204164944	-4.00414916953322	-4.70715331995114	-2.2222896071638	2.88142173556789	6.08773282601516	-0.96435729325457	-2.2501609740981	-0.143927253872883	0.487642762255508	5.23315029887125	-0.814263679656524	-3.09299160842088	2.26784533640083	11.2388612576421	0.39679656315161	-0.23409786636484	-4.66994119766464	1.51426133042592	7.34099404701958	4.83067543746209	3.22180213025918	-8.77715798150542
7.02974943134441	2.38815010420056	-7.99887634299541	-0.0630692031280055	3.49116178190853	-8.15819568232649	-1.47151750664579	12.158442872664	-5.23243911527577	42.7397268574102	8.50365943571038	5.18854199573926	-4.42616494526694	-20.0603492371135	-7.20358024786193	-9.04558163816209	0.441716339383186	-2.93966298572447	5.97525463064943	-1.50664175596789	5.47385435405803	-5.08083334464034	-0.428109776114547	3.70193386379608	-13.4194570863691	0.210860792413344	2.97820499196318	-5.55242673713092	-4.93107318502124	7.69183537451779	-8.22951016462567	-4.29173287598899	-3.96000958265389	2.48984320170747	-1.48462682063361	-2.44385649166487	-0.321922862119816	-1.15838325518362	0.183348988067472	4.14590080034251	7.88915408623539	-7.46096312115098	3.8832539236213	10.3408277347935	3.44422146241009	-14.4862338948447	1.1079599984667	-3.20289146489413	-2.49692564610878	-4.60482887417502	6.91625694012693	8.89294985702593	8.35002677484718	7.00937517281733	-1.82460289346496	5.55207309563705	-2.73368468710493	-3.97099564363269	3.91532412737987	10.0575541721568	3.42571999600078	0.532897659796731	-2.7080216211955	-3.73005805023809	-6.40006391608153	5.79447370429345	8.3425340826048	5.89522488192561	0.813014845542817	-0.410833060403508	-9.59556574110674	4.495058876945	-2.31782075370208	9.6238829111197	4.17730112789405	-5.84518662553294	3.45914354770728	-3.50003548428944	2.20108784040592	6.59571064103994	-0.2838555042779	-8.91718125980521	-11.6963101451774	-1.78110216241519	-3.55192967098423	2.72369391503223	-0.985442762662364	-0.814813192763041	0.970271291673309	-4.72931773855097	7.0709562911438	7.57661469879707	4.37762673624447	9.58908098261229	1.89020715546065	-3.38026474947075	-2.51159416392706	-2.13444319105364	18.9663544820885	5.24519678590429	6.10699274858238	-0.238926050007866	-19.4090194116202	2.94874203336223	-4.9234755483613	0.102225558732698	-9.12588738281669	-8.55852360360563	-12.9037398207438	8.91686277730279	0.815065907965131	-10.6062278757956	-4.48225890557691	4.30154839351499	-1.80209209935783	1.37600439632527	-12.4506256252465	5.57416450877912	2.29872161341946	11.411475405415
3.35556988897069	3.1320071815173	-2.35961639195354	-2.52201526403822	-1.18279433457922	-4.6113361124869	7.78383371237786	2.78835576618813	-1.69540145466845	8.50365943571038	41.3094926312131	0.702601802510764	2.99649705608909	-5.85627170660472	-6.76907261050552	8.40570341470407	6.2282743320391	2.59425738281232	10.5659063120026	8.05942379305779	-3.6752361995563	1.090147359824	7.14681712010677	0.100285636282726	-3.47690435121156	-0.490727844851409	8.4640841951285	-7.89130123999451	-9.85886669899393	-5.44995382187321	9.51632796153178	2.94251653835838	0.501519211328923	0.859351169739542	-3.09483357364174	-0.255801186814509	-8.16326815566355	-1.61264097400068	7.80921628652299	-5.90017855888744	2.47683539650007	-9.84004017626371	-6.57920267355923	0.890756442971538	10.322220503331	-15.9662495320871	-2.49153662396367	-5.74516609491881	-5.65471192291773	-1.21230562024821	0.357352989162213	6.73867608085971	-3.55358288153918	2.8957809518843	-3.21354639922499	1.25797459591707	16.3437002848186	-1.99108855367407	-7.44108683807817	3.12389228399065	2.5787118703368	-3.12579164255739	-1.52386707764138	0.841362072313812	-4.11725400122418	-9.13145382722201	-5.06167134424273	7.79927994196289	15.809369456427	1.22609702039277	-5.49548394419268	10.264790054755	-2.1872634311945	-0.328243991138364	11.4961151795313	-6.46453346244641	1.11716409578451	-5.52289594524984	1.11943182655151	-6.64961126939462	7.2970188828689	5.54562331492918	2.07723091478032	6.26063125740264	4.04130763235354	5.17445713052574	-0.557275767641542	-0.826782209067505	2.05265406534344	4.91060960656301	2.35723076313075	-4.68988782001024	6.50108720583594	6.40365984608623	5.32418970753914	9.10243472967235	5.44071534070383	5.98942284050595	2.73445508469925	10.8255248388446	-2.95031778092019	8.04363824295442	-4.66868785994797	-7.98193660929376	5.9291432577744	-0.878371337446862	-3.87609602050733	-10.2468601756445	-11.690004298054	11.7224104457145	-17.4030395584164	1.07904068686607	-6.10009849219586	13.1611810877376	8.33056709466054	-3.19992856075363	-6.41269382865996	-0.478091394073607	-1.54038397653572	0.496820223557536
2.30366684884031	-1.91139527681482	-0.821484500018149	0.175689051250212	-5.08153243385972	3.50160103597205	-3.22107525839325	-0.299035197780742	1.5638499623541	5.18854199573926	0.702601802510764	22.8442314738066	-3.85146554238097	-1.46591994315328	-2.66460196776664	-6.43936846827026	-4.71089037369103	3.93551447028864	3.65391404174645	-4.99461482241336	1.59931762741994	0.190914963602225	2.7632582829456	-5.28057640491308	6.62329089547555	-15.4617447630962	5.54330385963494	3.56158076857017	-5.04201534203148	2.27519403558287	-0.427504630334981	-1.72111516283489	5.51869008031282	-0.998269926410909	-2.50518243249019	-3.17912629428529	4.81999734397359	-4.03471799829495	3.04677858891348	-5.85592841986632	8.87978659716749	1.34015139138259	5.4545652007254	3.30015436071536	0.319010439394546	1.71761384131485	-2.24382188957919	2.55419779060695	-8.00685043348886	-8.60517138356875	14.1292531348882	-6.80706959942159	-3.75189911455895	1.92616737791007	-0.503087070779687	0.301855956521956	2.2754829039935	4.94992202506519	4.32738702191113	1.2090441431195	-2.41975352643324	-2.49671906120425	2.68054650493284	-0.0712072937777625	-0.191689140801284	11.299801719387	5.33563653827414	0.667365880763203	-8.61632612432777	3.8240669369062	-9.42714970164474	5.99742922044855	-0.838777021167694	-0.332303057918638	-4.17958085659896	-1.24660374024015	5.96792906269234	-3.01350387383196	9.13501120801121	6.35842890209056	3.62613350211263	-0.786761301221297	-1.19011661670557	-4.89906915898847	-3.92682603963517	-3.74675690107472	-1.74519694042336	-1.3542581128714	-0.366961826305084	1.3001421960279	0.720567887907337	2.97527874152686	3.83202481001858	6.45308234875713	-3.80969229184795	-1.53521197506442	1.46888078889606	2.75539730226152	10.0816961859743	-1.66688054461836	-7.53198028085158	-0.729731398826388	4.63607483591616	4.01245358163012	-0.0178816696232431	-1.70419760293319	-0.0266997678311366	-5.05714483158732	3.91906529174479	4.14245026018213	-0.070573044587515	-7.31444442934178	3.43934863523001	9.25405917621612	2.82668697150668	-0.754060514293599	-5.50694390215823	3.48527051789336	6.95998320248922	-1.154669992131
12.8514176126895	-1.66975813256168	0.458119441753977	-1.10897487299644	-3.48337875133591	9.04846062931443	0.44021293415439	1.94459419975455	2.63150889652117	-4.42616494526694	2.99649705608909	-3.85146554238097	34.8620993682905	2.45833554934384	2.85609453230338	9.36281488826501	-4.22735961955466	3.52878036964268	-3.44761708135336	3.635109912975	4.93377083834907	10.1660528564181	-4.49532145936629	4.56087124799999	0.755858249453374	4.22080708075891	-0.935525388781101	4.09426786271007	-1.32622517861233	-0.921207483176222	5.96953135180023	2.34317923382778	-9.32300779564666	2.31058561693163	8.67968999356044	4.97271509791379	-1.85753824685353	10.5377994492393	2.18823795996885	-10.0358730570775	-2.28627115584392	-0.76972150700498	-0.255422651984668	-4.10545814727281	6.938643933738	-7.38884076914793	-1.75089986900399	-8.46016140934284	7.78173322434782	10.5979158822111	-7.25743552642402	-3.94879645956936	-1.62703926188591	-3.31619996591834	0.888305994470589	-4.53721595977094	-1.07711470714093	4.72362434915632	-0.168877642238239	-16.7916096606008	-0.303699420460353	-9.67003396375144	-10.758111896663	-6.88559405428696	-4.85659021473289	3.14662053150908	7.38176794868764	-5.80924930304051	4.30718017816812	10.1555791991579	-5.72940424653001	9.46412121377521	0.547627140891879	-3.33192100446943	3.33938788910024	-4.73048724977156	4.54587031663846	-0.0177284559178417	7.63541128246563	-6.47549623171087	-8.68989052192961	0.333909664708953	-6.31215328778072	0.217788900805501	0.728825383494253	11.7272980676963	2.1949321839514	-4.93603297970823	5.38483419726662	3.62213147785535	0.740218043625897	3.90153761892112	10.2598671917582	4.61481800016715	7.67337851046315	2.98954490032763	3.77440038762812	-8.06229976396424	-9.26452031667755	-8.65760555605235	3.06114477739073	5.5513884598512	-6.54859048726671	-9.11759338756961	1.12840777298193	3.37177451756647	6.41287479804581	2.02243043543247	-1.73109389888387	-0.107734274438151	-10.5463755034748	11.7568114915202	6.26610310964853	-3.60726818073865	-3.62306832383976	-7.30749660844737	5.34930197337813	-6.1047526571002	-4.01223730636109	-0.246620273248624
-10.4102827089507	0.265771859323029	-1.33663249229441	-2.922072596573	-4.05514398812011	1.56054964843075	8.95634656007446	-10.792888614747	3.4747833212364	-20.0603492371135	-5.85627170660472	-1.46591994315328	2.45833554934384	38.976103209354	-6.9507199333717	-1.76809711168893	-1.72720062701691	-0.704690491317943	-3.94604508598296	1.22639200046945	-8.2704333272244	-0.303660832439921	3.81851102056779	-3.56395814545412	-1.40097200140919	-8.79690814843497	-0.467457565827622	-5.8116876962556	-0.0932605107568803	-5.34338559278157	7.19754955211707	8.05317274150442	-4.32474376304403	-5.50787650943297	-1.21706216286578	4.11017552852878	-5.07796494820193	5.31213015735065	-0.262944618277588	4.58814662877793	-20.6161542638387	4.61385494601506	4.81304811264855	0.89413425747685	0.494219560978727	12.3718789990305	-3.13313609063782	3.05151331344189	0.455711806804114	-3.83524882793904	-3.10375757104648	-5.23032022040053	-16.2824188775973	-6.36864215024142	14.1963106104667	-3.44041977070121	-4.04773819520154	9.01191389477224	-7.89928327207181	3.0016682233866	3.09707997377435	3.78973945010874	-4.007318788824	-4.29540144116368	4.41359842417948	3.89903312830685	5.3463184682118	-7.07023865457417	7.21990017712556	1.48438917257395	5.632513027632	-2.72678000618418	-2.5057236401845	-9.25596035778235	-12.7978724882397	7.85541696753371	-8.1902872687231	-1.94076028070927	-8.8415387688093	-8.08058409975209	-0.841537650595522	0.767228897341326	7.47018971720282	-2.60230525916129	0.818135509762523	5.13831946858297	0.536703919162645	3.76158878871049	5.69979273294965	-2.32993246710107	-8.30209464127316	0.967153699490487	9.64757710636807	-15.0497018185265	-0.710798152082789	3.25130564797603	4.70614651079471	-0.323169066597262	-9.38163324340535	-0.708607111712471	-2.11641504480358	-0.505960546016297	12.3892758109321	0.541888961540051	17.2730057124315	-0.0770783186157468	3.09138718087229	1.49689597279342	-2.86035032895756	-5.94985622044771	-8.3149495299646	7.83955201679687	5.91137545598398	0.864777428866958	0.580050295141839	1.63239954098965	9.96194786463113	-6.47069482503694	-3.44854285022789	-6.84953558200359
-0.437741798162493	1.49456039941629	2.58362973434933	0.634508877111855	0.890357225659111	0.591468091110999	-7.20211816078869	-1.96910683290815	5.55574710380863	-7.20358024786193	-6.76907261050552	-2.66460196776664	2.85609453230338	-6.9507199333717	28.5864983532928	1.34102493840538	-1.78540883907003	-4.32446886562889	0.428417961148159	-12.6026923167399	0.20824887383393	6.42543618856695	-1.57603560883784	-2.12316369149829	4.81991327012304	8.51774194939729	-12.7961411385711	-2.2918376017039	2.35976178089579	2.65675014470755	-3.32609992661155	-1.80781180687848	1.8848897927179	-6.17950950627659	-5.0074545947497	3.84110225593805	9.46268249931278	-3.93672234683265	-0.239225728052469	-6.35908097798925	6.75305170509296	0.499884784140966	-0.925889185014853	0.224704298756023	0.789307561334057	0.141680533680524	-4.40323879217888	-2.68892855835138	6.61594168257949	2.78562898292095	-1.32627393830408	-3.71504773040444	6.52522623074111	-8.00074289792611	-8.5858834256701	-3.55046505873514	4.91745829475584	2.15479866386951	-3.46396012602915	-5.20532599214963	1.04569517385735	-6.66212336410998	-5.40953168130327	4.97534098623398	12.8189528165075	-7.33694672495071	-8.34112077997024	-7.3777877740721	-5.46457763104534	-1.50669817099386	3.16035887161179	-3.99739816549594	-0.928289496294261	5.44625298043016	-0.98371139807504	-3.39768800188051	-1.36704698231606	10.7899709735255	5.21868123507352	3.31430392605076	-1.34042313671138	-1.90748908789851	5.14976721607122	-5.32061858533001	2.15152611427779	1.00200400329727	-3.76431498239963	3.33010554598276	4.01645854844084	1.03140827740043	2.5674767560519	-3.46442109746986	-5.06899289811569	10.0403984164318	4.2778324008597	-1.11893136887475	-3.01692267453587	2.93823118573565	2.35808346650152	4.27354289749424	-8.16479686343915	-4.29255946183759	-3.72918400426244	4.4897048323961	-10.063342559579	-0.279259183525543	12.4915998841552	0.686028971255219	8.36744121522406	-4.38582740500553	7.18046323738535	-0.214904036603324	-1.0038361456074	-6.99488021919262	-3.58967268635449	0.959024921977778	-7.49421832622072	2.67439266093125	5.62764017315955	3.81036283030831
1.4242829516406	1.51700885916824	-0.567703397902414	-5.59147354034858	0.0256305234876242	0.615870479443662	-2.74817218352395	1.56522246952559	2.08181494394114	-9.04558163816209	8.40570341470407	-6.43936846827026	9.36281488826501	-1.76809711168893	1.34102493840538	31.1469723470215	1.1235872951581	-3.82303403725066	-0.785001846629293	5.66971786087929	-6.41945392343896	-0.315394923935834	0.0473182206937849	-2.62647093836047	4.09182101297935	6.64338079389711	1.52271178396654	13.0278910078161	-4.65553656319676	-6.37313191693368	8.99971121793003	-10.1204143117976	-4.96659204981826	11.2969059949618	-4.24817554601974	-2.54075823455432	-4.81219726500848	7.27194878580837	-1.19585855129449	-1.96898714833098	0.636602787228033	-1.39427744478516	-7.85010536220647	-2.87563154817358	-5.59031819450442	2.13551675391589	8.07647370186591	6.82526364381703	-4.12073436555021	12.9991375063918	-13.3630377957373	0.296752491648588	-1.0460335791948	-0.0473907942869015	-8.03507911141367	6.9884643657177	9.10292308098706	-5.2960852799567	-1.79756938482636	0.399391847153885	7.6482631970376	1.73080344160326	-8.54031461483827	-8.59148057718792	-1.92321512650702	-2.70968812048887	-1.09865637982698	-0.0365148559961769	11.8875462882395	-2.00832230999631	-0.452090574621675	8.71128940611414	-3.708217377779	-2.90769408820312	5.54977829881338	-3.19813203876811	-3.44546321293449	-4.97414114599572	7.06429280950077	-1.72774685734347	9.79925177000918	-1.25115873772173	7.69351831312108	1.82126003428313	6.26735985428123	-0.0844288547073185	4.77187230817788	-2.52737606083329	0.535294295283075	-4.74727000169011	-1.66713385667352	-1.15065022791805	-5.3502785348556	-2.41287760920242	3.16590531551708	0.832342172853632	4.56263963968303	2.31363702095034	-5.75399558584376	-2.64499064568529	4.17890768429034	7.96524016616643	-3.14508203367891	-15.0014004889458	3.61151184462731	3.00022382045606	-1.89290609033313	7.58065582063021	0.606633429630187	6.02158137225301	3.0193741886933	2.08256407630191	-4.67601237586013	1.26129437438332	2.36186980690022	-2.57599465770836	6.36419045102363	0.151809425434499	5.64806297907081	-5.78105655897313
-5.00744810421616	4.53242644867724	-1.88476663767794	-5.16103648614869	2.90226621005565	-5.78030087855759	7.8158433572984	-1.61772664448776	-11.7749357344952	0.441716339383186	6.2282743320391	-4.71089037369103	-4.22735961955466	-1.72720062701691	-1.78540883907003	1.1235872951581	32.6857635188598	1.0833531747995	-4.97918352309785	-6.6459357606772	3.44777969853677	1.15067888701405	5.0470096365916	10.9799553936217	-1.36678408335715	-0.643262881079391	5.82937525409617	8.82673748834569	-4.5615376626651	-6.54405227364987	-2.44272526987446	3.51206251943314	2.99244998392517	-2.74465654056717	-0.535590939065154	-8.92306778562979	-5.10756081601945	-7.85328869619219	4.13104664872889	9.77514053723793	-1.26427409838434	-0.450313415196013	7.48141971910142	-2.1169917443278	4.36465362219344	-0.209568000002024	7.52599318785062	-1.68189109191654	3.59947106886627	-3.50580598973125	-3.6527367856648	12.7660205297145	8.90753592691244	2.70973145545313	-17.3077245357132	-7.0211024995318	4.56943396233112	4.32814737482203	-2.81418922921632	-4.0305327449892	2.39529605612476	-1.96707468996738	12.4175753704062	0.925931058045452	-10.2522971308664	-6.16423003476887	8.88605293337403	1.83880373389676	13.9739483943292	-2.0376975845328	7.97274816078702	3.96149886732505	5.05450480986437	2.30276372780176	-0.958966884381553	4.10042959647914	-4.10810560639558	0.790664660841174	0.886822062029651	-6.12053151974557	8.1241538290508	-1.21015363783659	3.8860537975927	4.14242851683629	-9.70196718410745	-1.9166424768492	6.03874886161291	6.46401840708908	-1.67763944638398	-1.88534723412715	-2.52432502090212	-2.45417502161228	-9.80095571354123	0.517881811196137	-2.19952832232934	-2.48888047644528	-1.86420100326964	-2.27958302402473	5.63978140625111	4.87772827161737	-4.42315164497812	-1.22883356040008	3.27434519783188	8.70741145670891	-5.46546599423183	0.586594058337349	4.30541315037523	-3.51078954515496	-2.6975051755793	-0.41079021799257	-4.28173432796572	-13.6087153697364	-0.23185730256417	-3.366764736964	0.564973482004912	-3.37672080689576	1.94006619192797	-5.84532382700558	-0.330639614800136	-1.51372820027843
-2.46338175064842	-4.99897443491228	-3.89029364955408	1.45915642821535	-6.77673572793769	0.508894362908	1.93699201562575	3.10534667295325	-6.04828229857626	-2.93966298572447	2.59425738281232	3.93551447028864	3.52878036964268	-0.704690491317943	-4.32446886562889	-3.82303403725066	1.0833531747995	21.7366830321076	0.738147295972223	1.69337748778151	5.16098678663848	-10.2322409042517	4.83985773067541	2.52395851453092	-0.52860782869366	-3.0250823736835	5.11460078843446	-1.61770829534756	7.28079755566798	2.70899525369085	2.73034612768238	8.14214925935775	3.97391155270826	2.00987843726198	-2.05383349886936	-3.77862532695272	-0.350001201913343	-1.21872785467018	1.19339184413198	-3.74445626679795	-3.5295956348376	0.60036184028438	3.92847868657968	-5.20122084363767	5.43078001641238	-9.9948160240188	-3.4410116867293	-3.62540858987059	0.727217532055344	6.02417282870834	-0.652835364833809	0.220114762911044	0.65599620468521	5.47148206379853	1.85634541805929	-6.45001622399586	-0.61147372400894	1.44215662430388	-6.9788558900278	-6.85426931177458	-7.62210335906049	-12.6369021452517	8.60265739481632	1.23764532060697	1.61408603293075	2.75858955534227	-4.53605796486655	0.800108189461162	-3.55452660814729	1.10613099194895	0.687302956002487	-1.33920078170045	2.08188886843143	-4.10534408892098	-5.92299133154543	-3.00841281962104	6.84553986117896	1.53495451666492	0.939915820923668	-4.73529300222781	-2.85205432214466	8.89089149040213	-2.90655193197842	6.31153141893596	2.58644205916488	-1.45255830857461	3.33466916537985	2.55296286464395	-7.83099202824341	8.3784014595779	-7.37238970367914	-10.2205558848688	1.51947315336156	2.07073178314346	-6.31353052538535	1.54868989784125	3.01989820953219	3.32487371811479	-3.33996765389556	-4.64666213237424	-0.427229219474137	6.66579648299577	8.91691714989624	-3.31148636842723	7.86788184974033	-7.94143519775514	-3.26612956489738	-3.59064883523467	2.10324928753544	0.772559005596273	-3.80353189486186	-3.30422146196493	2.2646193305773	-3.8184297656833	2.83629141480724	5.53568594343252	-1.1206390515006	-6.16308692089881	-5.57046680890694	-1.75143406014253
