169
2139835.43432617 2192149.2734375 2194420.89575195 2211818.15551758 2156912.63818359 2049052.06030273 1891358.85766602 2126697.94604492 2243503.03393555 2369539.54638672 2528145.35083008 2693499.41015625 2733411.12695312 2688878.90649414 2660946.65185547 2581307.89257812 2526319.71166992 2563904.31176758 2624767.70800781 2636709.49755859 2515250.21826172 2640261.85620117 2721389.36206055 2650366.47631836 2631758.89990234 2624078.078125 2542938.51489258 2671037.54882812 2768965.44360352 2871246.66870117 2895493.95654297 2935329.92822266 2991440.6809082 2933903.41235352 2839821.61865234 2752890.46850586 2779114.53686523 2808969.48535156 2698378.58886719 2765393.14746094 2835300.62573242 2782474.63989258 2755912.18945312 2717300.20117188 2769850.33300781 2751642.90258789 2645810.49511719 2680685.35791016 2726444.62524414 2689362.796875 2622601.03833008 3192534.22412109 3863808.96020508 3787720.4440918 4505858.20092773 5849087.05419922 6156336.34667969 4827662.52099609 6331650.22949219 6665041.74487305 6464540.28808594 5804132.56103516 5151529.80615234 5799364.34204102 6314426.74365234 6357024.94775391 6357464.6887207 5844801.29370117 4480663.74145508 3888922.16992188 2486509.83959961 1311088.96728516 1907597.50683594 3377334.26049805 4578312.70068359 5223903.43896484 5303502.49609375 5385158.79345703 5238563.34716797 4905067.06079102 4567563.90209961 4072995.04394531 2753834.12084961 920890.852050781 592098.595703125 885687.832519531 1944151.25561523 2503993.58154297 2684644.53857422 2836985.70117188 3112012.46411133 3305954.02075195 3147554.91748047 2808516.63427734 2949477.41479492 2725657.27270508 2059794.48828125 393899.962402344 665028.486328125 888679.642089844 1047642.56542969 1139798.96582031 1157394.43725586 1103710.24804688 1134965.52148438 1126564.17651367 1135702.64575195 1182331.25170898 1157099.61401367 1145006.88647461 1145629.35644531 1126781.38305664 1072931.70581055 962112.033447266 809805.308105469 638378.111328125 481223.127197266 379616.861816406 309194.646484375 227681.137451172 152960.205322266 81137.6604003906 75155.234375 32451.6208496094 33003.998046875 81520.3618164062 126882.357666016 117735.783935547 88107.0122070312 86920.2973632812 107525.624511719 127337.279541016 135113.850097656 140511.415527344 141822.640869141 146679.770507812 152894.688720703 149435.192382812 141130.887451172 135500.831787109 135886.606689453 131769.611816406 132885.187011719 131884.23828125 142519.886962891 142842.426025391 138656.150146484 129273.403076172 118391.078857422 107363.629882812 98784.4755859375 93820.0275878906 88397.0166015625 79451.3259277344 78962.9736328125 75478.0170898438 62397.6083984375 63582.5993652344 54708.0610351562 46103.486328125 47511.0725097656 44789.7160644531 36212.9912109375 30752.5480957031 32754.0554199219 33892.4853515625 24788.9919433594 17239.1066894531 23114.2849121094
2192149.2734375 2250155.31030273 2251481.50732422 2269469.51220703 2213337.91748047 2102653.50219727 1941106.64892578 2182665.27441406 2302814.08349609 2432250.41992188 2595153.94897461 2765057.80615234 2806200.05517578 2760664.27368164 2732120.68530273 2650598.09106445 2594248.50341797 2633001.32763672 2695680.81079102 2708165.16015625 2583526.56640625 2712112.59594727 2795690.88793945 2722900.7590332 2703989.57202148 2696162.39941406 2612989.06713867 2744678.67993164 2845371.45825195 2950576.68310547 2975646.22924805 3016769.55834961 3074629.89794922 3015870.99316406 2919045.82373047 2830049.19628906 2857443.11547852 2888387.86547852 2774905.33959961 2844065.94848633 2916276.46240234 2862223.24633789 2835154.01074219 2795647.80541992 2849916.99755859 2831442.15356445 2722745.81323242 2758768.21166992 2806259.95068359 2768219.13305664 2699344.3840332 3285194.32446289 3974566.00683594 3894511.54345703 4630237.92919922 6008174.56616211 6322720.86474609 4957800.00756836 6501855.55029297 6844395.43823242 6638642.90234375 5960733.50463867 5290557.95458984 5955870.37133789 6484901.18066406 6528664.47705078 6529318.24682617 6003090.81738281 4602170.09301758 3994452.63671875 2554229.53051758 1346707.69506836 1959593.43994141 3469510.15917969 4703199.11938477 5366340.28759766 5448028.47265625 5531683.24633789 5381103.48828125 5038477.31665039 4691835.88574219 4183939.56567383 2829193.24389648 946086.200683594 608301.050048828 910023.425048828 1997886.28417969 2573333.33837891 2759046.69702148 2915534.97875977 3198076.91796875 3397304.48779297 3234573.15527344 2886172.91967773 3031030.09033203 2801283.1809082 2117195.47167969 405398.336425781 684381.066650391 914465.512939453 1077960.58496094 1172685.21459961 1190706.29736328 1135420.41113281 1167521.24072266 1158834.04882812 1168190.70654297 1216094.77612305 1190127.90356445 1177690.02368164 1178332.34521484 1158935.24194336 1103572.42675781 989604.392089844 832969.863525391 656671.322021484 495037.447998047 390528.511474609 318095.248779297 234234.827880859 157362.130615234 83553.9777832031 77393.7224121094 33417.1625976562 33982 83929.15234375 130632.270751953 121213.645996094 90706.4018554688 89477.2761230469 110682.999267578 131073.248291016 139074.594970703 144625.342041016 145971.136962891 150964.954589844 157358.985351562 153797.408691406 145250.951171875 139452.582275391 139847.947021484 135609.426757812 136755.146240234 135725.869384766 146671.069335938 147003.260742188 142694.224853516 133036.160644531 121839.376953125 110491.739501953 101665.784179688 96560.2185058594 90980.130859375 81774.2722167969 81276.2321777344 77695.1791992188 64232.0720214844 65453.1569824219 56321.2045898438 47466.6105957031 48916.7358398438 46117.6828613281 37291.2270507812 31671.7026367188 33730.8742675781 34906.1650390625 25532.8552246094 17760.0703125 23811.7221679688
2194420.89575195 2251481.50732422 2254950.5456543 2272308.09106445 2216251.38208008 2105527.45458984 1943842.8059082 2185907.28222656 2306336.90893555 2436031.67675781 2599378.41479492 2769638.83544922 2811002.17797852 2765548.04931641 2737078.10253906 2655537.4230957 2599218.99316406 2638149.17504883 2701075.86254883 2713765.86572266 2589009.62353516 2717978.37060547 2801887.11010742 2729126.09570312 2710229.3269043 2702541.91796875 2619258.46191406 2751260.61279297 2852247.92871094 2957769.39501953 2982990.81640625 3024365.78710938 3082548.88183594 3024008.22290039 2926975.04443359 2837717.18652344 2865671.82226562 2896922.33959961 2783293.66772461 2852839.359375 2925431.73364258 2871481.62988281 2844475.49023438 2804989.31958008 2859619.8581543 2841282.1394043 2732311.03955078 2768616.17285156 2816482.89770508 2778333.74609375 2709015.24755859 3296248.46313477 3986659.5949707 3904549.96313477 4639164.74926758 6017186.60913086 6330964.57836914 4963566.8190918 6508999.21386719 6852196.62475586 6646323.13354492 5967934.14233398 5296863.89013672 5962923.95581055 6492743.92504883 6536711.31640625 6537370.63549805 6010865.1862793 4608348.62280273 3999859.81201172 2558015.93164062 1348631.79248047 1962406.47119141 3474625.70800781 4710346.46948242 5374475.88916016 5456252.66381836 5539800.6887207 5389001.09619141 5045822.36157227 4698738.18896484 4190268.19384766 2833862.38134766 947743.730224609 609328.802734375 911634.943603516 2001729.29931641 2578550.02099609 2764732.02661133 2921489.04418945 3204501.69824219 3404082.27954102 3241106.82373047 2892005.83764648 3037168.31445312 2807266.60546875 2121982.2956543 406814.640869141 686764.003173828 917600.611816406 1081592.5925293 1176554.74829102 1194581.45703125 1139060.09667969 1171201.6081543 1162464.43823242 1171801.43041992 1219808.21166992 1193764.83422852 1181306.53637695 1181961.51953125 1162500.79711914 1106961.27734375 992675.619873047 835580.221435547 658757.140625 496626.015869141 391792.282958984 319137.111816406 235008.919677734 157888.326171875 83894.3376464844 77714.0014648438 33555.9140625 34116.142578125 84256.1237792969 131150.103759766 121692.058105469 91059.4514160156 89818.4138183594 111097.530761719 131563.212890625 139587.806396484 145159.133544922 146507.234375 151516.541015625 157931.451171875 154358.750244141 145780.025634766 139960.808837891 140357.977783203 136102.512695312 137252.304443359 136218.958251953 147201.979736328 147533.627929688 143206.975585938 133517.542236328 122276.765136719 110891.885253906 102033.986083984 96911.9035644531 91318.5078125 82080.0822753906 81582.7583007812 77990.7565917969 64474.6499023438 65702.6513671875 56541.8122558594 47652.9370117188 49106.8063964844 46303.1193847656 37444.6123046875 31802.1987304688 33869.697265625 35050.9641113281 25643.3818359375 17837.501953125 23913.4362792969
2211818.15551758 2269469.51220703 2272308.09106445 2291286.06298828 2234256.57983398 2122756.015625 1959815.86376953 2203958.06982422 2325505.6394043 2456388.70776367 2621233.6328125 2793079.77685547 2834889.58959961 2789161.15014648 2760553.97753906 2678430.25878906 2621753.27001953 2661080.63574219 2724700.39770508 2737628.19897461 2611900.89892578 2742168.76611328 2826880.80053711 2753641.21533203 2734689.57006836 2727001.47583008 2643055.02441406 2776322.69360352 2878267.86157227 2984772.22045898 3010313.93530273 3052189.00317383 3111059.7355957 3052270.01391602 2954326.58618164 2864408.37866211 2892946.99804688 2924686.27392578 2810124.06591797 2880519.52270508 2954049.50097656 2899725.27441406 2872642.36767578 2832917.61962891 2888259.91308594 2869853.86230469 2759945.53442383 2796784.84838867 2845278.20214844 2806806.3203125 2736655.59814453 3329313.13720703 4025457.21289062 3941027.02001953 4680425.61376953 6068694.54394531 6384096.76098633 5004841.68432617 6562899.73071289 6909007.78735352 6701512.52514648 6017635.29345703 5341028.25952148 6012721.2421875 6547077.78759766 6591444.18554688 6592128.04833984 6061428.77587891 4647174.79931641 4033653.53442383 2579650.27978516 1360063.92480469 1979207.56616211 3504602.03149414 4750828.23901367 5420548.53637695 5502978.71899414 5587087.92724609 5434982.99780273 5088835.75488281 4738984.29321289 4226083.95556641 2858238.37792969 955894.299804688 614618.115722656 919646.037353516 2019573.49023438 2601579.59912109 2789473.17480469 2947599.65258789 3233070.22509766 3434373.45776367 3269959.30834961 2917779.64233398 3064260.46264648 2832472.35913086 2141175.90136719 410920.713134766 693666.058105469 926764.895019531 1092334.49584961 1188161.99072266 1206306.65112305 1150198.85229492 1182612.34716797 1173755.171875 1183171.32299805 1231579.36547852 1205274.86425781 1192737.90209961 1193396.62573242 1173744.17773438 1117665.69238281 1002284.73608398 843689.160400391 665173.951171875 501473.380615234 395625.895996094 322266.216796875 237313.665039062 159437.074707031 84778.5234375 78530.6252441406 33908.8366699219 34473.1403808594 85135.8940429688 132519.366455078 122953.382080078 92000.5690917969 90741.5422363281 112234.340820312 132905.150146484 141009.833740234 146633.444824219 147993.098876953 153050.343994141 159530.69921875 155921.433837891 147255.23046875 141376.659423828 141776.700927734 137476.712402344 138638.033447266 137593.712646484 148686.529052734 149020.481445312 144650.510253906 134861.233154297 123507.588623047 112010.055175781 103062.565429688 97892.1188964844 92244.3649902344 82917.2104492188 82417.7780761719 78789.0947265625 65135.5786132812 66376.7692871094 57124.3430175781 48147.4060058594 49617.69140625 46785.9357910156 37836.7663574219 32137.1672363281 34228.8435058594 35421.1333007812 25916.1220703125 18030.0441894531 24170.3854980469
2156912.63818359 2213337.91748047 2216251.38208008 2234256.57983398 2180056.84448242 2070811.10107422 1912010.83325195 2150369.55981445 2269134.79101562 2397013.58691406 2558045.2253418 2725899.11083984 2766866.41162109 2722432.89746094 2694678.62280273 2614742.45410156 2559566.00732422 2598098.99707031 2660365.61694336 2673201.73413086 2550609.15405273 2677972.87304688 2760894.70410156 2689584.31738281 2671176.11401367 2663827.06884766 2581960.73974609 2712237.47607422 2811854.71582031 2915961.24291992 2941050.81640625 2982170.13549805 3039907.2355957 2982959.38061523 2887290.89770508 2799524.37744141 2827981.21459961 2859283.24682617 2747569.41894531 2816623.01757812 2888829.51660156 2836037.65893555 2809803.79223633 2771177.59960938 2825553.18237305 2807835.80981445 2700518.88232422 2736824.57958984 2784557.21362305 2747012.86767578 2678080.81567383 3257145.22607422 3936509.34765625 3851847.72094727 4571497.25732422 5924740.67431641 6231378.21850586 4884435.6328125 6404721.63842773 6742685.91455078 6540282.32006836 5873173.85620117 5212810.13427734 5868432.92089844 6390063.91796875 6433479.07080078 6434308.10498047 5916521.69946289 4536322.3125 3937537.32983398 2518399.50708008 1327728.67871094 1932291.7902832 3421781.90966797 4638459.60058594 5292243.37939453 5372699.7097168 5454560.15576172 5306079.12524414 4968087.48657227 4626762.23999023 4126032.30737305 2790903.60058594 933429.175537109 600182.009277344 898139.595458984 1972732.80664062 2541358.05859375 2724983.85302734 2879386.24169922 3158146.57446289 3354714.19116211 3194177.45288086 2850172.53393555 2993271.22216797 2767154.71972656 2092035.80249023 402061.8203125 678687.206787109 906682.132568359 1068586.57275391 1162233.73950195 1179901.57055664 1124962.08251953 1156599.30834961 1147900.71801758 1157070.2097168 1204311.97705078 1178585.97216797 1166405.63256836 1167060.87475586 1147830.01196289 1092968.41186523 980159.945556641 825083.942871094 650543.822998047 490456.28125 386943.708984375 315208.572265625 232120.341552734 155954.225097656 83002.5737304688 76887.4702148438 33198.7839355469 33746.0991210938 83336.7097167969 129717.962402344 120353.053466797 90049.3356933594 88808.3679199219 109835.873291016 130061.381591797 137987.084716797 143486.882080078 144815.427246094 149760.703857422 156099.649658203 152566.668457031 144085.870117188 138333.832519531 138723.895263672 134515.950195312 135651.359130859 134629.059082031 145481.733642578 145807.189208984 141530.186279297 131952.79296875 120843.881103516 109595.463378906 100840.634765625 95783.5593261719 90262.3735351562 81138.1630859375 80653.0505371094 77105.9814453125 63745.0231933594 64960.4587402344 55910.62890625 47126.73046875 48566.9140625 45797.9990234375 37041.1330566406 31463.6462402344 33512.0627441406 34680.8928222656 25377.7934570312 17658.205078125 23670.4208984375
2049052.06030273 2102653.50219727 2105527.45458984 2122756.015625 2070811.10107422 1968103.56933594 1816819.04394531 2043412.33496094 2156393.14355469 2277960.2565918 2431138.1484375 2590765.86010742 2629866.96240234 2587719.85327148 2561449.04321289 2485564.11010742 2433240.6496582 2469939.63842773 2529290.44091797 2541634.18725586 2425181.8347168 2546369.09667969 2625354.75170898 2557668.46777344 2540299.69799805 2533373.76953125 2455621.06640625 2579553.26049805 2674362.7722168 2773427.01147461 2797413.60400391 2836630.47583008 2891711.27099609 2837766.15014648 2746752.04125977 2663448.90087891 2690840.20678711 2720817.87841797 2614670.5534668 2680544.26269531 2749462.35620117 2699396.02709961 2674596.32910156 2637985.88354492 2689916.67333984 2673191.42895508 2571189.02514648 2605942.70581055 2651518.54711914 2615833.73876953 2550066.99487305 3100928.63598633 3746698.85058594 3664792.3684082 4347414.4621582 5632495.56079102 5923114.51293945 4642473.39111328 6087101.75634766 6408493.71484375 6216179.91210938 5582331.00415039 4954690.68188477 5577839.5546875 6073794.68408203 6115161.19384766 6115961.1730957 5623971.87280273 4312184.72509766 3743032.12963867 2394184.84179688 1262201.93725586 1837016.16381836 3253132.88916016 4409916.86083984 5031428.96923828 5107895.85888672 5185580.13671875 5044398.77856445 4723059.98730469 4398668.9453125 3922684.43383789 2653617.49804688 887532.196044922 570666.227783203 854069.169189453 1876133.83496094 2417053.66992188 2591755.89453125 2738579.33496094 3003630.53833008 3190540.23901367 3037901.23242188 2710748.0390625 2846862.22583008 2631997.52954102 1990052.14477539 382840.935058594 646212.479980469 863242.085205078 1017338.54516602 1106428.23071289 1123196.83081055 1070857.36889648 1100929.17041016 1092624.08666992 1101327.09863281 1146270.29882812 1121779.19140625 1110181.79516602 1110810.06030273 1092503.03027344 1040296.51171875 932939.767089844 785348.116455078 619238.928222656 466871.111816406 368345.546630859 300066.439697266 220971.407470703 148462.853027344 79071.3159179688 73246.294921875 31626.2141113281 32145.0229492188 79379.1540527344 123556.318359375 114636.125976562 85767.5063476562 84581.0258789062 104601.865478516 123860.885986328 131405.485595703 136639.621826172 137902.883056641 142609.349853516 148647.108642578 145281.203125 137204.951660156 131726.733154297 132098.009033203 128090.215087891 129171.290283203 128196.436767578 138530.384765625 138840.403808594 134767.326660156 125646.752929688 115067.823242188 104358.280273438 96024.1005859375 91211.3569335938 85956.2663574219 77270.5798339844 76809.931640625 73432.7373046875 60710.2934570312 61869.146484375 53252.0563964844 44888.5231933594 46260.1462402344 43625.9982910156 35285.1740722656 29973.7309570312 31925.587890625 33039.8513183594 24179.7990722656 16826.3247070312 22553.7956542969
1891358.85766602 1941106.64892578 1943842.8059082 1959815.86376953 1912010.83325195 1816819.04394531 1678053.50561523 1887010.91772461 1991456.61206055 2103825.81591797 2245394.91259766 2392943.77490234 2429138.3918457 2390343.47900391 2366186.71044922 2296194.84643555 2247981.27270508 2281975.38842773 2336938.47485352 2348450.99145508 2240974.87060547 2353067.62719727 2426173.81469727 2363773.01489258 2347819.27001953 2341495.28027344 2269719.56958008 2384325.71362305 2471999.52661133 2563602.57446289 2585876.4465332 2622266.73779297 2673295.39746094 2623774.06958008 2539628.24267578 2462697.47070312 2488419.71704102 2516331.09741211 2418333.8581543 2479448.43676758 2543397.4753418 2497302.01586914 2474539.15307617 2440842.73461914 2489065.57421875 2473763.30859375 2379524.99438477 2411878.51342773 2454238.86450195 2421258.57739258 2360252.98852539 2869491.93554688 3465858.90625 3388609.31323242 4017776.97094727 5203500.86401367 5470909.10449219 4287736.54492188 5621806.24731445 5918636.59399414 5741116.09277344 5155832.58935547 4576241.69433594 5151897.04394531 5609978.80908203 5648241.81176758 5649096.43139648 5194672.3894043 3983187.96533203 3457570.33081055 2211578.07080078 1165997.46142578 1697205.93139648 3005582.57519531 4074305.40795898 4648405.72705078 4718980.04492188 4790609.79418945 4660162.42919922 4363257.55712891 4063615.96923828 3623947.23852539 2451649.87817383 819967.507080078 527300.765380859 789276.631103516 1734005.12280273 2233959.94262695 2395464.25 2531144.16479492 2776059.19897461 2948738.30932617 2807662.78271484 2505343.73510742 2631169.82055664 2432719.27197266 1839522.49365234 354314.962402344 598009.848144531 798786.775634766 941313.93359375 1023673.52758789 1039129.61425781 990664.018310547 1018442.72851562 1010728.03295898 1018764.08203125 1060284.62817383 1037623.04174805 1026927.43139648 1027511.69677734 1010568.17871094 962270.515136719 862981.886230469 726473.481445312 572835.924560547 431901.478759766 340766.192871094 277604.346191406 204428.423339844 137350.105712891 73210.5588378906 67812.3024902344 29278.9963378906 29761.0688476562 73489.1030273438 114384.099121094 106116.512451172 79391.435546875 78288.6242675781 96816.9885253906 114638.245117188 121616.251708984 126459.443359375 127626.197509766 131980.723144531 137566.145507812 134450.799072266 126975.859619141 121905.047119141 122247.549072266 118538.053466797 119536.256591797 118634.829589844 128197.997070312 128484.505615234 124714.466796875 116274.883300781 106484.658447266 96574.9089355469 88863.2360839844 84411.177734375 79550.2224121094 71513.9931640625 71091.0258789062 67966.5754394531 56192.0661621094 57266.3073730469 49292.0415039062 41552.2697753906 42823.7385253906 40385.1137695312 32667.7517089844 27751.9345703125 29560.5830078125 30591.63671875 22389.5334472656 15583.1879882812 20886.4025878906
2126697.94604492 2182665.27441406 2185907.28222656 2203958.06982422 2150369.55981445 2043412.33496094 1887010.91772461 2123063.98266602 2240283.68945312 2366846.73364258 2526252.3515625 2692409.01538086 2733279.35717773 2689790.16821289 2662734.91967773 2584143.64038086 2530054.26098633 2568409.20385742 2630449.02124023 2643548.85400391 2522754.13330078 2649084.34326172 2731536.17163086 2661473.10742188 2643623.9921875 2636620.53369141 2555896.92822266 2685018.2265625 2783756.57055664 2886941.39160156 2912139.23486328 2953281.9128418 3010924.3112793 2955532.67358398 2860816.47558594 2774293.06762695 2803761.64404297 2835460.26123047 2725251.89575195 2794380.33032227 2866701.62036133 2815001.06494141 2789574.48413086 2751805.93896484 2806398.54296875 2789346.54467773 2683308.33349609 2720004.1340332 2768028.18188477 2730896.31445312 2661874.07592773 3235362.62426758 3906077.12939453 3816976.08081055 4522915.89013672 5854994.01757812 6154322.5859375 4822884.00805664 6323220.88037109 6657129.3684082 6457569.12280273 5799395.54516602 5147602.22265625 5795224.92675781 6310595.703125 6353762.68725586 6354745.87133789 5843664.83032227 4480989.10766602 3889831.72412109 2488022.79516602 1311862.32250977 1909799.08911133 3382110.60205078 4584684.41796875 5230514.51757812 5309841.56201172 5390238.15844727 5243424.66088867 4909291.28613281 4572415.18579102 4077576.48803711 2758683.9140625 922644.213378906 593449.4375 888450.252197266 1952159.74584961 2515012.05249023 2696892.51782227 2849612.89624023 3125258.59130859 3319555.64013672 3160729.94140625 2820450.67553711 2962146.81323242 2738913.51977539 2071254.69140625 399566.838867188 674318.779296875 900631.092041016 1061240.02416992 1153985.85009766 1171321.55712891 1116629.46948242 1147885.78491211 1139147.86035156 1148178.53540039 1194894.87573242 1169340.43188477 1157336.32543945 1157993.69091797 1138897.08422852 1084456.49658203 972585.292480469 818759.3515625 645638.441650391 486806.560058594 384098.823486328 312912.382324219 230428.152099609 154819.564941406 82608.0927734375 76510.6315917969 33033.8454589844 33578.3630371094 82911.927734375 129040.98046875 119705.767089844 89554.111328125 88304.1118164062 109197.645996094 129290.708251953 137155.688720703 142612.379394531 143925.688476562 148834.200195312 155131.150390625 151616.111816406 143185.631347656 137467.513916016 137852.657958984 133668.600585938 134793.233642578 133776.791748047 144558.638427734 144880.844970703 140627.603515625 131109.90625 120069.245605469 108897.744628906 100203.691162109 95186.5280761719 89709.0056152344 80651.517578125 80177.2260742188 76654.6828613281 63376.8405761719 64589.4191894531 55598.3854980469 46872.5944824219 48308.5971679688 45558.3088378906 36855.3249511719 31311.7446289062 33353.7897949219 34518.1516113281 25265.4106445312 17587.9897460938 23571.3608398438
2243503.03393555 2302814.08349609 2306336.90893555 2325505.6394043 2269134.79101562 2156393.14355469 1991456.61206055 2240283.68945312 2364948.64819336 2498304.18432617 2666720.96264648 2842271.15625 2885619.15356445 2839855.47143555 2811447.19946289 2728638.84326172 2671675.86547852 2712291.86938477 2777992.8605957 2792038.14355469 2664610.13378906 2798200.61230469 2885472.28588867 2811668.74731445 2792959.33374023 2785693.51098633 2700555.19580078 2837009.82177734 2941422.18383789 3050511.01367188 3077259.14941406 3120915.25561523 3182058.22192383 3123901.69360352 3023797.15625 2932509.63256836 2964173.70263672 2997941.92797852 2881662.47705078 2954961.64648438 3031746.46948242 2977346.94360352 2950682.87451172 2910947.44848633 2968910.73754883 2951110.31713867 2839112.22045898 2878194.97338867 2929217.59375 2890022.375 2816789.65063477 3422836.78759766 4130892.72045898 4034642.56982422 4777634.42797852 6181970.36938477 6496746.33251953 5090573.44116211 6673745.8840332 7026408.42749023 6815906.29882812 6121533.59204102 5433493.30883789 6117055.60864258 6661288.18188477 6706895.7043457 6708087.5144043 6168968.68017578 4730589.5871582 4106562.17919922 2626977.77050781 1385030.42163086 2016388.40893555 3571106.07373047 4840947.58886719 5522851.77026367 5606556.97241211 5691198.88793945 5536192.05224609 5183360.8269043 4827829.07836914 4305443.41699219 2913260.61376953 974414.346679688 626708.826416016 938334.186767578 2062118.91357422 2656921.40356445 2849157.97412109 3010438.72241211 3301527.41552734 3506730.28149414 3339032.83520508 2979560.91186523 3129258.47631836 2893761.0078125 2188634.38134766 422776.664550781 713466.377441406 952848.111572266 1122695.57836914 1220714.34326172 1238978.0690918 1181066.46264648 1214061.47924805 1204780.74633789 1214288.72045898 1263630.51196289 1236601.4152832 1223936.75878906 1224643.66577148 1204436.6940918 1146863.20947266 1028575.90625 865921.245117188 682863.725585938 514895.633789062 406271.791992188 330991.264160156 243746.9765625 163771.392822266 87462.9094238281 81011.9538574219 34977.0197753906 35545.7692871094 87766.4799804688 136600.64453125 126718.264404297 94794.6259765625 93463.2521972656 115569.436279297 136833.154052734 145151.938476562 150923.450927734 152309.999755859 157500.172119141 164163.106689453 160443.06640625 151520.585205078 145468.187744141 145875.455078125 141446.71875 142635.173828125 141559.011230469 152966.779785156 153307.558105469 148806.470214844 138735.036621094 127053.714599609 115233.231689453 106034.682617188 100727.690917969 94934.6643066406 85352.9196777344 84854.1301269531 81130.8552246094 67077.7182617188 68362.6291503906 58851.8969726562 49617.9001464844 51138.1645507812 48231.05859375 39020.5461425781 33153.87109375 35315.6708984375 36549.7429199219 26757.3095703125 18628.3869628906 24963.9748535156
2369539.54638672 2432250.41992188 2436031.67675781 2456388.70776367 2397013.58691406 2277960.2565918 2103825.81591797 2366846.73364258 2498304.18432617 2639958.35473633 2817742.38793945 3003360.19189453 3049240.01293945 3001037.01342773 2971125.56982422 2883740.57617188 2823672.62768555 2866688.29101562 2936267.34033203 2951236.42675781 2816666.79101562 2958019.75390625 3050396.01708984 2972511.4765625 2952847.52148438 2945258.04858398 2855324.14526367 2999676.63500977 3110123.77075195 3225507.03857422 3253913.35742188 3300181.17041016 3364973.47729492 3303821.24487305 3197941.65405273 3101596.66870117 3135404.75219727 3171316.76171875 3048503.17675781 3126254.67993164 3207694.35253906 3150328.53857422 3122313.59423828 3080443.56103516 3141967.13671875 3123292.4296875 3004945.32055664 3046453.09570312 3100697.23413086 3059251.0793457 2981591.29321289 3622541.04370117 4370715.84375 4267448.33959961 5051485.19360352 6534471.54589844 6866132.54248047 5379774.73486328 7052718.44677734 7425455.32617188 7203080.67163086 6469391.21850586 5742400.65991211 6464894.51416016 7040099.50097656 7088378.00170898 7089684.1796875 6519987.20654297 4999912.76293945 4340474.04272461 2776574.69970703 1463980.74414062 2131576.14160156 3775110.96142578 5117392.79077148 5838091.10839844 5926515.45410156 6015863.43579102 5851972.89428711 5478985.14868164 5103336.16967773 4551100.0690918 3079587.92553711 1030008.41821289 662559.520019531 992146.164550781 2180576.70166016 2809522.63037109 3012839.3112793 3183371.21582031 3491119.7956543 3708030.99487305 3530694.50073242 3150642.22436523 3308969.87329102 3060058.50512695 2314560.86157227 447531.670166016 755191.788085938 1008511.04101562 1188209.14477539 1291878.16015625 1311143.60400391 1249817.08813477 1284691.50390625 1274842.60375977 1284885.26025391 1337050.23242188 1308438.88110352 1295065.31054688 1295815.03857422 1274430.26391602 1213508.17749023 1088362.47485352 916268.716796875 722588.372802734 544859.518798828 429925.389160156 350265.541015625 257940.301025391 173305.09375 92617.224609375 85779.7639160156 37034.3247070312 37638.6281738281 92933.0603027344 144635.115722656 134163.536376953 100360.844726562 98947.0407714844 122346.40234375 144851.411865234 153654.091552734 159760.781738281 161226.330566406 166719.775390625 173771.749511719 169831.917480469 160386.819824219 153980.501953125 154410.688964844 149721.707519531 150978.471923828 149839.393066406 161913.306152344 162273.448974609 157508.499023438 146846.476806641 134481.447265625 121971.962646484 112236.663330078 106622.626953125 100492.917724609 90353.1057128906 89828.0026855469 85885.3012695312 71010.8251953125 72372.1437988281 62305.1506347656 52532.1743164062 54144.5715332031 51065.6591796875 41316.5563964844 35105.5812988281 37397.6242675781 38703.0048828125 28334.9301757812 19729.7944335938 26438.814453125
2528145.35083008 2595153.94897461 2599378.41479492 2621233.6328125 2558045.2253418 2431138.1484375 2245394.91259766 2526252.3515625 2666720.96264648 2817742.38793945 3008314.86425781 3206314.39526367 3255475.42407227 3204183.51098633 3172371.4519043 3079273.08520508 3015264.43725586 3061321.19238281 3135800.82519531 3151990.12011719 3008429.01708984 3159542.35107422 3258397.07641602 3175412.92114258 3154506.37231445 3146560.99462891 3050594.07275391 3204882.65991211 3322929.49023438 3446274.73364258 3476771.71850586 3526379.69873047 3595838.00244141 3530903.45288086 3417777.61767578 3314957.10888672 3351580.23242188 3390241.20751953 3259187.82958984 3342511.3034668 3429882.8605957 3368826.37133789 3339099.81640625 3294526.30957031 3360547.73779297 3340816.72998047 3214426.39794922 3259036.47167969 3317309.5859375 3273076.31835938 3189778.94042969 3874659.33496094 4673388.60229492 4560971.93212891 5395784.31811523 6977106.5534668 7330031.10375977 5742573.12524414 7527895.05493164 7926039.41748047 7688793.60351562 6905978.70385742 6129870.76000977 6901108.19628906 7515313.98730469 7566981.40869141 7568475.35424805 6960618.93286133 5338069.66967773 4634096.25952148 2964739.23925781 1563091.81152344 2275943.01220703 4031000.58032227 5464381.76757812 6233919.95117188 6328308.67773438 6423477.0090332 6248500.84155273 5850198.30029297 5449270.75146484 4859690.78881836 3288816.10375977 1100066.55517578 707581.672851562 1059647.05639648 2329330.5925293 3001390.59570312 3218686.61157227 3400805.16308594 3729458.17382812 3961126.65795898 3771771.68701172 3365777.98999023 3534920.36645508 3269347.41796875 2473138.92553711 478754.120361328 807855.844970703 1078775.85620117 1270917.69580078 1381705.47436523 1402238.60083008 1336593.8840332 1373820.8996582 1363255.57910156 1373952.35961914 1429657.35107422 1399061.01416016 1384797.80371094 1385606.83935547 1362733.04467773 1297586.1159668 1163800.25073242 979801.958007812 772731.610839844 582686.216552734 459784.747802734 374607.696044922 275871.295654297 185357.893310547 99133.7692871094 91819.4052734375 39641.2065429688 40281.2795410156 99454.0529785156 154785.551269531 143580.260742188 107399.484863281 105878.254638672 130909.266845703 154986.009765625 164399.951660156 170929.229980469 172494.897216797 178367.388183594 185910.545166016 181695.772949219 171589.677001953 164735.414794922 165194.983886719 160177.408447266 161521.186523438 160301.362304688 173217.645019531 173602.543457031 168503.271484375 157097.825927734 143870.094970703 130488.447509766 120074.130859375 114070.037109375 107517.620849609 96673.0153808594 96114.3127441406 91899.7231445312 75984.3950195312 77442.447265625 66674.1118164062 56219.2150878906 57943.4855957031 54653.5422363281 44221.8854980469 37577.001953125 40030.2475585938 41428.99609375 30335.0739746094 21124.6262207031 28305.435546875
2693499.41015625 2765057.80615234 2769638.83544922 2793079.77685547 2725899.11083984 2590765.86010742 2392943.77490234 2692409.01538086 2842271.15625 3003360.19189453 3206314.39526367 3418161.65332031 3470391.22973633 3415888.41918945 3382131.79174805 3283040.59448242 3214955.40209961 3264194.04736328 3343767.05224609 3361193.15063477 3208287.93041992 3369603.73803711 3475175.89477539 3386866.1159668 3364702.45507812 3356355.76904297 3254106.80224609 3418760.15478516 3544722.79980469 3676343.61523438 3709002.38793945 3762096.53393555 3836400.90283203 3767492.08544922 3646770.78662109 3537324.58251953 3576840.30493164 3618359.43212891 3478712.01977539 3567903.15258789 3661411.40039062 3596503.17919922 3565006.71020508 3517632.94165039 3588360.97338867 3567505.97680664 3432755.43701172 3480672.75708008 3543102.19506836 3495933.34375 3406773.70141602 4137481.46630859 4988838.1809082 4866851.73095703 5754919.20825195 7438885.57714844 7813730.17456055 6121044.1628418 8023733.94604492 8448199.68310547 8195425.71362305 7361232.07958984 6534054.49243164 7356206.63623047 8011018.74389648 8066198.45019531 8067828.55322266 7420083.28295898 5690587.36474609 4940243.83105469 3160659.60009766 1666434.46557617 2426641.21679688 4298146.05615234 5826308.17797852 6646693.5300293 6747250.66796875 6848513.08837891 6661920.03857422 6237216.23486328 5810033.35888672 5181336.93554688 3506712.44750977 1172952.85058594 754534.745361328 1130112.70410156 2484506.31079102 3201421.39892578 3433266.1784668 3627493.23608398 3977961.03076172 4224984.55249023 4023034.00244141 3590037.07885742 3770485.4597168 3487432.80493164 2638333.56518555 511321.637451172 862760.633544922 1152013.5378418 1357119.14013672 1475321.00854492 1497161.62426758 1427016.05053711 1466707.1862793 1455383.35986328 1466774.80004883 1526178.55786133 1493506.19482422 1478320.20532227 1479188.58178711 1454763.58447266 1385215.42236328 1242410.62109375 1046006.42578125 824975.145751953 622097.941650391 490896.359130859 399963.197265625 294544.280517578 197905.712158203 105926.761474609 98107.9990234375 42354.8176269531 43038.4470214844 106257.099365234 165368.461669922 153391.146972656 114733.844726562 113101.520263672 139834.812744141 165548.096923828 175599.044677734 182569.233886719 184238.385986328 190507.846435547 198564.327636719 194061.179443359 183266.003662109 175944.304199219 176433.887451172 171073.180908203 172507.582519531 171204.910888672 184997.953125 185408.346679688 179961.993408203 167780.078857422 153652.469482422 139363.632324219 128242.203369141 121832.268310547 114836.98828125 103259.023925781 102664.895507812 98164.4155273438 81166.3557128906 82724.1787109375 71224.9396972656 60059.9819335938 61904.2006835938 58389.6091308594 47249.2585449219 40151.330078125 42773.9460449219 44268.7145996094 32415.9448242188 22578.1235351562 30251.3432617188
2733411.12695312 2806200.05517578 2811002.17797852 2834889.58959961 2766866.41162109 2629866.96240234 2429138.3918457 2733279.35717773 2885619.15356445 3049240.01293945 3255475.42407227 3470391.22973633 3524242.35644531 3468774.60742188 3434660.82543945 3334179.04345703 3265221.74267578 3315330.6081543 3396356.70581055 3414256.77978516 3259084.05493164 3423089.30810547 3530540.18066406 3441006.90991211 3418678.27758789 3410286.34936523 3306566.55786133 3473914.03149414 3602013.35742188 3735841.53466797 3769177.55273438 3823316.31274414 3899013.55395508 3829408.14282227 3706694.00756836 3595623.39697266 3636305.73925781 3678776.71118164 3537030.60473633 3627919.30151367 3723300.38232422 3657581.54101562 3625770.38134766 3577822.33520508 3649984.13061523 3629007.15039062 3492141.62890625 3541071.40112305 3604873.94702148 3557010.95019531 3466130.0078125 4208817.07226562 5073450.8034668 4947579.29785156 5847439.52294922 7555921.4206543 7935509.76757812 6215926.98461914 8147656.77856445 8578945.98242188 8322347.65551758 7475560.21044922 6635531.03955078 7470450.54150391 8135654.15136719 8191779.69897461 8193588.68359375 7535970.13037109 5779700.3659668 5017668.46533203 3210517.47021484 1692620.23413086 2464883.39428711 4365933.05078125 5918380.83081055 6751658.83935547 6853783.47802734 6956428.20092773 6766893.15356445 6335466.03417969 5901624.69897461 5263181.56005859 3562506.26074219 1191659.22265625 766536.311767578 1148191.53540039 2524576.11572266 3253251.51660156 3488933.0534668 3686252.04614258 4042287.14501953 4293251.42138672 4088111.93286133 3648124.54101562 3831500.09082031 3544162.9621582 2681527.02880859 520204.454101562 877718.672363281 1171919.08081055 1380499.5390625 1500647.55541992 1522795.89819336 1451392.47412109 1491699.36791992 1480152.65869141 1491693.64624023 1552056.01513672 1518823.71435547 1503397.46484375 1504288.6328125 1479442.53442383 1408711.38208008 1263512.21484375 1063790.8684082 839035.834472656 632723.146972656 499289.715087891 406817.712402344 299595.9609375 201300.352294922 107814.675048828 99859.0263671875 43110.6596679688 43800.1669921875 108135.080566406 168294.114746094 156103.538574219 116756.849121094 115089.211669922 142285.182861328 168446.501953125 178667.59765625 185756.400390625 187451.824462891 193826.694824219 202022.193115234 197441.093505859 186456.706542969 179006.751708984 179504.827148438 174049.602539062 175508.627929688 174181.943115234 188214.485107422 188631.578125 183089.153320312 170695.3984375 156321.596191406 141785.924072266 130472.81640625 123953.818115234 116841.294433594 105063.861572266 104462.262451172 99887.0942382812 82590.6989746094 84178.1550292969 72481.1848144531 61121.6279296875 62998.4499511719 59425.5693359375 48089.8449707031 40867.4274902344 43538.3044433594 45060.400390625 33000.8291015625 22986.1762695312 30796.4365234375
2688878.90649414 2760664.27368164 2765548.04931641 2789161.15014648 2722432.89746094 2587719.85327148 2390343.47900391 2689790.16821289 2839855.47143555 3001037.01342773 3204183.51098633 3415888.41918945 3468774.60742188 3414843.40234375 3381191.39355469 3282457.33935547 3214732.77148438 3264188.62475586 3344155.51660156 3361951.87060547 3209330.14208984 3371012.40673828 3477004.58666992 3389048.265625 3367184.69189453 3359062.97705078 3257018.33911133 3421940.24707031 3548167.63525391 3680048.8605957 3713037.88305664 3766545.22705078 3841323.27807617 3773187.22998047 3652289.60351562 3543043.5222168 3583640.05444336 3625760.99316406 3486315.83789062 3576162.60327148 3670462.10839844 3605951.47607422 3574864.58496094 3527811.78979492 3599199.88378906 3578768.33105469 3444013.68286133 3492516.75073242 3555732.4909668 3508597.25952148 3418753.66137695 4150454.13720703 5001464.04638672 4875282.04785156 5759016.85522461 7438887.34545898 7811131.77026367 6117963.10107422 8018926.89038086 8443528.70361328 8191125.93505859 7357937.82421875 6531208.84155273 7353051.23706055 8007913.32373047 8063240.09130859 8065115.76855469 7418116.67456055 5689491.66015625 4939472.97827148 3160606.97070312 1666328.77197266 2426818.9362793 4298681.96435547 5827122.89282227 6647429.02026367 6747903.55859375 6848748.85717773 6662127.7578125 6237331.0222168 5810401.09814453 5181847.90820312 3507733.69555664 1173349.08300781 754814.518310547 1130775.20019531 2486626.18725586 3204440.5012207 3436661.5534668 3630986.35766602 3981579.1940918 4228691.87036133 4026668.44677734 3593336.88671875 3773988.37084961 3491216.66723633 2641719.47045898 513095.837646484 865676.343505859 1155761.83862305 1361375.84057617 1479759.88354492 1501517.47924805 1431049.37207031 1470730.51611328 1459305.53588867 1470649.12109375 1530089.62890625 1497317.66503906 1482149.95825195 1483034.6784668 1458530.40380859 1388797.76000977 1245671.32788086 1048796.20825195 827242.568603516 623847.386230469 492298.472167969 401130.807373047 295410.649414062 198489.487548828 106393.607910156 98540.2739257812 42540.3386230469 43218.7299804688 106696.125488281 166050.426269531 154017.317382812 115191.624267578 113539.136474609 140362.215332031 166165.015380859 176242.871826172 183231.341552734 184901.067382812 191185.574707031 199268.16015625 194748.013183594 183912.277832031 176563.414306641 177053.447021484 171671.647460938 173108.942138672 171800.566894531 185639.770263672 186050.259765625 180583.520019531 168358.806640625 154181.500488281 139847.633544922 128690.15234375 122262.975341797 115250.964355469 103637.2265625 103047.925292969 98536.3747558594 81476.3950195312 83043.5578613281 71507.6364746094 60304.5317382812 62157.2392578125 58634.9782714844 47453.1628417969 40328.7517089844 42965.3732910156 44467.9177246094 32569.9870605469 22690.2414550781 30397.4519042969
