11 4
   19.2028   10.2259    8.2557    3.0732    2.9717   13.0320   15.6579    9.5648   14.0133   16.2236    3.9461
   10.2259   13.8874   12.3288    6.2978    2.7756    6.8767   12.2072   12.5105   12.3702    2.9081    2.0347
    8.2557   12.3288   69.6266    4.1154   21.3816   10.0612   68.8546   27.8626   38.6493   37.0826   13.1645
    3.0732    6.2978    4.1154    9.3820    7.0244    4.6441    0.0049    7.9295    7.2150    5.9096    0.4002
    2.9717    2.7756   21.3816    7.0244   52.5404    7.7554   45.4705   35.8132   22.8774    1.6808   33.3736
   13.0320    6.8767   10.0612    4.6441    7.7554   53.0344   32.4871   28.4118   36.5251   32.6010   14.9486
   15.6579   12.2072   68.8546    0.0049   45.4705   32.4871   86.1140   11.9630   22.8240   24.3334   39.9239
    9.5648   12.5105   27.8626    7.9295   35.8132   28.4118   11.9630   48.4853    0.6682    2.4016   33.7052
   14.0133   12.3702   38.6493    7.2150   22.8774   36.5251   22.8240    0.6682   39.3456   19.2624   19.6380
   16.2236    2.9081   37.0826    5.9096    1.6808   32.6010   24.3334    2.4016   19.2624   67.1431   35.9754
    3.9461    2.0347   13.1645    0.4002   33.3736   14.9486   39.9239   33.7052   19.6380   35.9754   74.1258
  -14.8268  -23.5952   10.4858   -5.5678
   -0.4382   -5.0997    6.6071   -8.9511
    9.6083  -13.2163   25.0877   -4.0933
   17.3824   -6.3613   10.6346   -1.6089
   -4.3021    3.1785   11.5692    4.0933
  -16.2732    1.3805    0.5298   -9.5264
    1.6635   -7.1074  -12.8839    3.1732
    3.7627    7.7700   -3.7122    0.7802
   -2.2695    6.2239   -7.5779   13.2439
  -11.4891    6.4738   -5.6397   -2.1317
   20.2433   -4.2563    5.5514   -1.3448
