11 4
    5.4239    1.1333    1.6268    0.5064    4.1299    4.0480    3.0193    4.8299    0.5986    4.7022    1.1156
    1.1333   17.7108    2.3754    5.4437   11.1767    0.1221    7.0227   14.1502    2.0809    1.5273    6.8766
    1.6268    2.3754   66.2808   15.0877    5.9581    0.5724    4.0823   39.6531   42.4673   24.2877   15.8829
    0.5064    5.4437   15.0877   33.0829    2.6752    7.8918   25.8105    1.6982   10.8781   12.2142    6.5904
    4.1299   11.1767    5.9581    2.6752   89.8486    7.1303   30.3314    3.9357   46.2191   61.5489   18.4782
    4.0480    0.1221    0.5724    7.8918    7.1303   11.8155    7.1823    1.0460    8.8514    7.0650    5.7244
    3.0193    7.0227    4.0823   25.8105   30.3314    7.1823   98.8418   43.1095   41.2264   78.0221    4.3709
    4.8299   14.1502   39.6531    1.6982    3.9357    1.0460   43.1095   53.9982   39.9604   19.8526   22.5079
    0.5986    2.0809   42.4673   10.8781   46.2191    8.8514   41.2264   39.9604   70.6917   14.5645    2.8959
    4.7022    1.5273   24.2877   12.2142   61.5489    7.0650   78.0221   19.8526   14.5645   99.9492    8.4647
    1.1156    6.8766   15.8829    6.5904   18.4782    5.7244    4.3709   22.5079    2.8959    8.4647   28.7849
    0.6145    6.3952  -10.2058  -22.0326
  -18.4613   -0.8098  -30.7299   -5.7125
   -3.9833    5.4087    6.2628    2.1400
   -5.4355  -12.6256   -2.8668    9.4238
   -9.1190   11.1042   -1.9734    0.9373
    6.5270   -9.8956    4.0561  -11.2231
   -7.3427  -18.2884  -14.1935    3.0616
    5.4063   13.8450   -7.2945  -11.7233
    9.7584   -0.6273   11.4733   -9.6097
   -1.5687    4.4892    5.9786   -6.5374
    2.7780   -3.6326  -12.8128  -12.2939
