11 4
          25.4790156597005          10.6079816458786          7.32517045368725          5.32345616035095          10.6033112307593          23.9459297923663          2.69563586091184         0.128953072446594          13.2504249605056                    18.7612202839854          10.9539743221168   
          10.6079816458786          22.4040030824219          2.04130632128326          15.8907494538325          18.8625833320769          14.4629461967476          2.45766233331151        0.0932583922725774          7.79015575909882                    8.84302749280037           19.889623195644
          7.32517045368725          2.04130632128326          66.7832727013717          15.7762510437791          28.6908535911843          32.0201233020407          4.24683986928457         0.467564730288731          9.03239194757549                    26.4325571221799          26.1244806620223
          5.32345616035095          15.8907494538325          15.7762510437791          84.4392156527204          8.83342825396839          49.8999452416293          27.3225844362443        0.0630030969161197          35.2927345892592                    27.2305265629814          64.9434156182903
          10.6033112307593          18.8625833320769          28.6908535911843          8.83342825396839          34.4462411301042          18.7634224906574          15.4447614452495         0.352825571622773          9.02992082557984                     15.235758922554          13.6679762734309
          23.9459297923663          14.4629461967476          32.0201233020407          49.8999452416293          18.7634224906574          78.0519652731358          24.7047394387792         0.356142812349535           2.6768942422193                   0.757206084759924          63.1061141350398
          2.69563586091184          2.45766233331151          4.24683986928457          27.3225844362443          15.4447614452495          24.7047394387792             67.5332065747         0.578282450566065          45.4598533620317                    12.7966297547077          50.9927777070705
         0.128953072446594        0.0932583922725774         0.467564730288731        0.0630030969161197         0.352825571622773         0.356142812349535         0.578282450566065         0.671531431847749         0.163037998969179                   0.284937163954955         0.253432970596078
          13.2504249605056          7.79015575909882          9.03239194757549          35.2927345892592          9.02992082557984           2.6768942422193          45.4598533620317         0.163037998969179          60.2170487581795                    10.4532814514512          13.0080215951364
          18.7612202839854          8.84302749280037          26.4325571221799          27.2305265629814           15.235758922554         0.757206084759924          12.7966297547077         0.284937163954955          10.4532814514512                    38.6771194520985          30.5706743851071
          10.9539743221168           19.889623195644          26.1244806620223          64.9434156182903          13.6679762734309          63.1061141350398          50.9927777070705         0.253432970596078          13.0080215951364                    30.5706743851071          91.5991244131425
          32.7565434075205          22.2303036808012          26.7095941521313          16.3158472706127
          22.2303036808012           67.126437045174          38.5575038875721          60.4710178584319
          26.7095941521313          38.5575038875721          43.8644982586956           25.207226045876
          16.3158472706127          60.4710178584319           25.207226045876          83.3500595588975
          23.9041483254172          59.7930158593672           43.088238009689          59.1271282502561
          14.1305107004215          3.50237427471214          9.23726850183964          10.5350229400241
          6.73127872932986           9.8350239235697          8.29355606792175          3.55508098977437
          4.05959303073407          32.9159379896228          37.4163360996178          72.8419013287283
          2.68836905780426          5.43794086074051          6.23056254442109          8.56311553671118
          28.1850586527532          62.7232863926382          43.1801380531569          71.5926015280492
          9.86974518357334          17.3781594896738          14.6040829548595          27.4648263578668